-1.5851e+00 -1.6360e+00 0.0000e+00
-1.5851e+00 -7.9862e-01 0.0000e+00
-1.5851e+00 -1.5080e-01 0.0000e+00
-1.5851e+00 4.2198e-01 0.0000e+00
-1.5851e+00 9.5664e-01 0.0000e+00
-1.5851e+00 1.4696e+00 0.0000e+00
-1.5851e+00 1.9693e+00 0.0000e+00
-1.5851e+00 2.4608e+00 0.0000e+00
-1.5851e+00 2.9470e+00 0.0000e+00
-1.5851e+00 3.4300e+00 0.0000e+00
-1.5851e+00 3.9109e+00 0.0000e+00
-1.5851e+00 4.3909e+00 0.0000e+00
-1.5851e+00 4.8704e+00 0.0000e+00
-1.5851e+00 5.3499e+00 0.0000e+00
-1.5851e+00 5.8298e+00 0.0000e+00
-1.5851e+00 6.3103e+00 0.0000e+00
-1.5851e+00 6.7916e+00 0.0000e+00
-1.5851e+00 7.2737e+00 0.0000e+00
-1.5851e+00 7.5000e+00 0.0000e+00
-1.5851e+00 7.5000e+00 0.0000e+00
-1.5851e+00 7.5000e+00 0.0000e+00
-1.5851e+00 7.5000e+00 0.0000e+00
-1.5851e+00 7.5000e+00 0.0000e+00
-1.5851e+00 7.5000e+00 0.0000e+00
-1.5851e+00 7.5000e+00 0.0000e+00
-1.5851e+00 7.5000e+00 0.0000e+00
-1.5851e+00 7.5000e+00 0.0000e+00
-1.2875e+00 -1.6964e+00 0.0000e+00
-1.2875e+00 -8.6566e-01 0.0000e+00
-1.2875e+00 -2.2451e-01 0.0000e+00
-1.2875e+00 3.4196e-01 0.0000e+00
-1.2875e+00 8.7079e-01 0.0000e+00
-1.2875e+00 1.3784e+00 0.0000e+00
-1.2875e+00 1.8734e+00 0.0000e+00
-1.2875e+00 2.3608e+00 0.0000e+00
-1.2875e+00 2.8434e+00 0.0000e+00
-1.2875e+00 3.3233e+00 0.0000e+00
-1.2875e+00 3.8018e+00 0.0000e+00
-1.2875e+00 4.2798e+00 0.0000e+00
-1.2875e+00 4.7578e+00 0.0000e+00
-1.2875e+00 5.2364e+00 0.0000e+00
-1.2875e+00 5.7158e+00 0.0000e+00
-1.2875e+00 6.1963e+00 0.0000e+00
-1.2875e+00 6.6780e+00 0.0000e+00
-1.2875e+00 7.1610e+00 0.0000e+00
-1.2875e+00 7.5000e+00 0.0000e+00
-1.2875e+00 7.5000e+00 0.0000e+00
-1.2875e+00 7.5000e+00 0.0000e+00
-1.2875e+00 7.5000e+00 0.0000e+00
-1.2875e+00 7.5000e+00 0.0000e+00
-1.2875e+00 7.5000e+00 0.0000e+00
-1.2875e+00 7.5000e+00 0.0000e+00
-1.2875e+00 7.5000e+00 0.0000e+00
-1.2875e+00 7.5000e+00 0.0000e+00
-1.0315e+00 -1.7675e+00 0.0000e+00
-1.0315e+00 -9.4446e-01 0.0000e+00
-1.0315e+00 -3.1113e-01 0.0000e+00
-1.0315e+00 2.4781e-01 0.0000e+00
-1.0315e+00 7.6959e-01 0.0000e+00
-1.0315e+00 1.2708e+00 0.0000e+00
-1.0315e+00 1.7599e+00 0.0000e+00
-1.0315e+00 2.2420e+00 0.0000e+00
-1.0315e+00 2.7201e+00 0.0000e+00
-1.0315e+00 3.1960e+00 0.0000e+00
-1.0315e+00 3.6712e+00 0.0000e+00
-1.0315e+00 4.1465e+00 0.0000e+00
-1.0315e+00 4.6224e+00 0.0000e+00
-1.0315e+00 5.0994e+00 0.0000e+00
-1.0315e+00 5.5778e+00 0.0000e+00
-1.0315e+00 6.0578e+00 0.0000e+00
-1.0315e+00 6.5395e+00 0.0000e+00
-1.0315e+00 7.0230e+00 0.0000e+00
-1.0315e+00 7.5000e+00 0.0000e+00
-1.0315e+00 7.5000e+00 0.0000e+00
-1.0315e+00 7.5000e+00 0.0000e+00
-1.0315e+00 7.5000e+00 0.0000e+00
-1.0315e+00 7.5000e+00 0.0000e+00
-1.0315e+00 7.5000e+00 0.0000e+00
-1.0315e+00 7.5000e+00 0.0000e+00
-1.0315e+00 7.5000e+00 0.0000e+00
-1.0315e+00 7.5000e+00 0.0000e+00
-8.0227e-01 -1.8477e+00 0.0000e+00
-8.0227e-01 -1.0331e+00 0.0000e+00
-8.0227e-01 -4.0849e-01 0.0000e+00
-8.0227e-01 1.4195e-01 0.0000e+00
-8.0227e-01 6.5568e-01 0.0000e+00
-8.0227e-01 1.1493e+00 0.0000e+00
-8.0227e-01 1.6316e+00 0.0000e+00
-8.0227e-01 2.1075e+00 0.0000e+00
-8.0227e-01 2.5801e+00 0.0000e+00
-8.0227e-01 3.0513e+00 0.0000e+00
-8.0227e-01 3.5223e+00 0.0000e+00
-8.0227e-01 3.9941e+00 0.0000e+00
-8.0227e-01 4.4672e+00 0.0000e+00
-8.0227e-01 4.9420e+00 0.0000e+00
-8.0227e-01 5.4188e+00 0.0000e+00
-8.0227e-01 5.8979e+00 0.0000e+00
-8.0227e-01 6.3792e+00 0.0000e+00
-8.0227e-01 6.8630e+00 0.0000e+00
-8.0227e-01 7.3492e+00 0.0000e+00
-8.0227e-01 7.5000e+00 0.0000e+00
-8.0227e-01 7.5000e+00 0.0000e+00
-8.0227e-01 7.5000e+00 0.0000e+00
-8.0227e-01 7.5000e+00 0.0000e+00
-8.0227e-01 7.5000e+00 0.0000e+00
-8.0227e-01 7.5000e+00 0.0000e+00
-8.0227e-01 7.5000e+00 0.0000e+00
-8.0227e-01 7.5000e+00 0.0000e+00
-5.9175e-01 -1.9357e+00 0.0000e+00
-5.9175e-01 -1.1299e+00 0.0000e+00
-5.9175e-01 -5.1465e-01 0.0000e+00
-5.9175e-01 2.6552e-02 0.0000e+00
-5.9175e-01 5.3140e-01 0.0000e+00
-5.9175e-01 1.0167e+00 0.0000e+00
-5.9175e-01 1.4913e+00 0.0000e+00
-5.9175e-01 1.9601e+00 0.0000e+00
-5.9175e-01 2.4263e+00 0.0000e+00
-5.9175e-01 2.8918e+00 0.0000e+00
-5.9175e-01 3.3580e+00 0.0000e+00
-5.9175e-01 3.8255e+00 0.0000e+00
-5.9175e-01 4.2951e+00 0.0000e+00
-5.9175e-01 4.7672e+00 0.0000e+00
-5.9175e-01 5.2419e+00 0.0000e+00
-5.9175e-01 5.7195e+00 0.0000e+00
-5.9175e-01 6.2000e+00 0.0000e+00
-5.9175e-01 6.6837e+00 0.0000e+00
-5.9175e-01 7.1703e+00 0.0000e+00
-5.9175e-01 7.5000e+00 0.0000e+00
-5.9175e-01 7.5000e+00 0.0000e+00
-5.9175e-01 7.5000e+00 0.0000e+00
-5.9175e-01 7.5000e+00 0.0000e+00
-5.9175e-01 7.5000e+00 0.0000e+00
-5.9175e-01 7.5000e+00 0.0000e+00
-5.9175e-01 7.5000e+00 0.0000e+00
-5.9175e-01 7.5000e+00 0.0000e+00
-3.9500e-01 -2.0304e+00 0.0000e+00
-3.9500e-01 -1.2335e+00 0.0000e+00
-3.9500e-01 -6.2793e-01 0.0000e+00
-3.9500e-01 -9.6494e-02 0.0000e+00
-3.9500e-01 3.9884e-01 0.0000e+00
-3.9500e-01 8.7510e-01 0.0000e+00
-3.9500e-01 1.3412e+00 0.0000e+00
-3.9500e-01 1.8022e+00 0.0000e+00
-3.9500e-01 2.2613e+00 0.0000e+00
-3.9500e-01 2.7204e+00 0.0000e+00
-3.9500e-01 3.1808e+00 0.0000e+00
-3.9500e-01 3.6435e+00 0.0000e+00
-3.9500e-01 4.1089e+00 0.0000e+00
-3.9500e-01 4.5775e+00 0.0000e+00
-3.9500e-01 5.0495e+00 0.0000e+00
-3.9500e-01 5.5251e+00 0.0000e+00
-3.9500e-01 6.0044e+00 0.0000e+00
-3.9500e-01 6.4874e+00 0.0000e+00
-3.9500e-01 6.9742e+00 0.0000e+00
-3.9500e-01 7.5000e+00 0.0000e+00
-3.9500e-01 7.5000e+00 0.0000e+00
-3.9500e-01 7.5000e+00 0.0000e+00
-3.9500e-01 7.5000e+00 0.0000e+00
-3.9500e-01 7.5000e+00 0.0000e+00
-3.9500e-01 7.5000e+00 0.0000e+00
-3.9500e-01 7.5000e+00 0.0000e+00
-3.9500e-01 7.5000e+00 0.0000e+00
-2.0877e-01 -2.1307e+00 0.0000e+00
-2.0877e-01 -1.3426e+00 0.0000e+00
-2.0877e-01 -7.4688e-01 0.0000e+00
-2.0877e-01 -2.2554e-01 0.0000e+00
-2.0877e-01 2.5982e-01 0.0000e+00
-2.0877e-01 7.2645e-01 0.0000e+00
-2.0877e-01 1.1834e+00 0.0000e+00
-2.0877e-01 1.6359e+00 0.0000e+00
-2.0877e-01 2.0871e+00 0.0000e+00
-2.0877e-01 2.5391e+00 0.0000e+00
-2.0877e-01 2.9932e+00 0.0000e+00
-2.0877e-01 3.4502e+00 0.0000e+00
-2.0877e-01 3.9108e+00 0.0000e+00
-2.0877e-01 4.3753e+00 0.0000e+00
-2.0877e-01 4.8440e+00 0.0000e+00
-2.0877e-01 5.3170e+00 0.0000e+00
-2.0877e-01 5.7945e+00 0.0000e+00
-2.0877e-01 6.2765e+00 0.0000e+00
-2.0877e-01 6.7629e+00 0.0000e+00
-2.0877e-01 7.2539e+00 0.0000e+00
-2.0877e-01 7.5000e+00 0.0000e+00
-2.0877e-01 7.5000e+00 0.0000e+00
-2.0877e-01 7.5000e+00 0.0000e+00
-2.0877e-01 7.5000e+00 0.0000e+00
-2.0877e-01 7.5000e+00 0.0000e+00
-2.0877e-01 7.5000e+00 0.0000e+00
-2.0877e-01 7.5000e+00 0.0000e+00
-3.0847e-02 -2.2358e+00 0.0000e+00
-3.0847e-02 -1.4562e+00 0.0000e+00
-3.0847e-02 -8.7027e-01 0.0000e+00
-3.0847e-02 -3.5918e-01 0.0000e+00
-3.0847e-02 1.1590e-01 0.0000e+00
-3.0847e-02 5.7247e-01 0.0000e+00
-3.0847e-02 1.0198e+00 0.0000e+00
-3.0847e-02 1.4631e+00 0.0000e+00
-3.0847e-02 1.9059e+00 0.0000e+00
-3.0847e-02 2.3501e+00 0.0000e+00
-3.0847e-02 2.7971e+00 0.0000e+00
-3.0847e-02 3.2478e+00 0.0000e+00
-3.0847e-02 3.7028e+00 0.0000e+00
-3.0847e-02 4.1626e+00 0.0000e+00
-3.0847e-02 4.6273e+00 0.0000e+00
-3.0847e-02 5.0971e+00 0.0000e+00
-3.0847e-02 5.5722e+00 0.0000e+00
-3.0847e-02 6.0526e+00 0.0000e+00
-3.0847e-02 6.5382e+00 0.0000e+00
-3.0847e-02 7.0290e+00 0.0000e+00
-3.0847e-02 7.5000e+00 0.0000e+00
-3.0847e-02 7.5000e+00 0.0000e+00
-3.0847e-02 7.5000e+00 0.0000e+00
-3.0847e-02 7.5000e+00 0.0000e+00
-3.0847e-02 7.5000e+00 0.0000e+00
-3.0847e-02 7.5000e+00 0.0000e+00
-3.0847e-02 7.5000e+00 0.0000e+00
1.4039e-01 -2.3449e+00 0.0000e+00
1.4039e-01 -1.5734e+00 0.0000e+00
1.4039e-01 -9.9708e-01 0.0000e+00
1.4039e-01 -4.9624e-01 0.0000e+00
1.4039e-01 -3.1607e-02 0.0000e+00
1.4039e-01 4.1461e-01 0.0000e+00
1.4039e-01 8.5184e-01 0.0000e+00
1.4039e-01 1.2856e+00 0.0000e+00
1.4039e-01 1.7193e+00 0.0000e+00
1.4039e-01 2.1550e+00 0.0000e+00
1.4039e-01 2.5943e+00 0.0000e+00
1.4039e-01 3.0380e+00 0.0000e+00
1.4039e-01 3.4868e+00 0.0000e+00
1.4039e-01 3.9411e+00 0.0000e+00
1.4039e-01 4.4011e+00 0.0000e+00
1.4039e-01 4.8671e+00 0.0000e+00
1.4039e-01 5.3392e+00 0.0000e+00
1.4039e-01 5.8173e+00 0.0000e+00
1.4039e-01 6.3015e+00 0.0000e+00
1.4039e-01 6.7917e+00 0.0000e+00
1.4039e-01 7.2879e+00 0.0000e+00
1.4039e-01 7.5000e+00 0.0000e+00
1.4039e-01 7.5000e+00 0.0000e+00
1.4039e-01 7.5000e+00 0.0000e+00
1.4039e-01 7.5000e+00 0.0000e+00
1.4039e-01 7.5000e+00 0.0000e+00
1.4039e-01 7.5000e+00 0.0000e+00
3.0613e-01 -2.4575e+00 0.0000e+00
3.0613e-01 -1.6935e+00 0.0000e+00
3.0613e-01 -1.1265e+00 0.0000e+00
3.0613e-01 -6.3573e-01 0.0000e+00
3.0613e-01 -1.8157e-01 0.0000e+00
3.0613e-01 2.5410e-01 0.0000e+00
3.0613e-01 6.8096e-01 0.0000e+00
3.0613e-01 1.1047e+00 0.0000e+00
3.0613e-01 1.5288e+00 0.0000e+00
3.0613e-01 1.9555e+00 0.0000e+00
3.0613e-01 2.3864e+00 0.0000e+00
3.0613e-01 2.8224e+00 0.0000e+00
3.0613e-01 3.2642e+00 0.0000e+00
3.0613e-01 3.7124e+00 0.0000e+00
3.0613e-01 4.1670e+00 0.0000e+00
3.0613e-01 4.6285e+00 0.0000e+00
3.0613e-01 5.0968e+00 0.0000e+00
3.0613e-01 5.5720e+00 0.0000e+00
3.0613e-01 6.0540e+00 0.0000e+00
3.0613e-01 6.5430e+00 0.0000e+00
3.0613e-01 7.0388e+00 0.0000e+00
3.0613e-01 7.5000e+00 0.0000e+00
3.0613e-01 7.5000e+00 0.0000e+00
3.0613e-01 7.5000e+00 0.0000e+00
3.0613e-01 7.5000e+00 0.0000e+00
3.0613e-01 7.5000e+00 0.0000e+00
3.0613e-01 7.5000e+00 0.0000e+00
4.6728e-01 -2.5731e+00 0.0000e+00
4.6728e-01 -1.8160e+00 0.0000e+00
4.6728e-01 -1.2577e+00 0.0000e+00
4.6728e-01 -7.7685e-01 0.0000e+00
4.6728e-01 -3.3307e-01 0.0000e+00
4.6728e-01 9.1994e-02 0.0000e+00
4.6728e-01 5.0827e-01 0.0000e+00
4.6728e-01 9.2160e-01 0.0000e+00
4.6728e-01 1.3357e+00 0.0000e+00
4.6728e-01 1.7528e+00 0.0000e+00
4.6728e-01 2.1747e+00 0.0000e+00
4.6728e-01 2.6024e+00 0.0000e+00
4.6728e-01 3.0366e+00 0.0000e+00
4.6728e-01 3.4778e+00 0.0000e+00
4.6728e-01 3.9264e+00 0.0000e+00
4.6728e-01 4.3825e+00 0.0000e+00
4.6728e-01 4.8463e+00 0.0000e+00
4.6728e-01 5.3178e+00 0.0000e+00
4.6728e-01 5.7971e+00 0.0000e+00
4.6728e-01 6.2841e+00 0.0000e+00
4.6728e-01 6.7787e+00 0.0000e+00
4.6728e-01 7.2810e+00 0.0000e+00
4.6728e-01 7.5000e+00 0.0000e+00
4.6728e-01 7.5000e+00 0.0000e+00
4.6728e-01 7.5000e+00 0.0000e+00
4.6728e-01 7.5000e+00 0.0000e+00
4.6728e-01 7.5000e+00 0.0000e+00
6.2456e-01 -2.6913e+00 0.0000e+00
6.2456e-01 -1.9403e+00 0.0000e+00
6.2456e-01 -1.3903e+00 0.0000e+00
6.2456e-01 -9.1894e-01 0.0000e+00
6.2456e-01 -4.8536e-01 0.0000e+00
6.2456e-01 -7.0852e-02 0.0000e+00
6.2456e-01 3.3473e-01 0.0000e+00
6.2456e-01 7.3744e-01 0.0000e+00
6.2456e-01 1.1411e+00 0.0000e+00
6.2456e-01 1.5483e+00 0.0000e+00
6.2456e-01 1.9606e+00 0.0000e+00
6.2456e-01 2.3794e+00 0.0000e+00
6.2456e-01 2.8052e+00 0.0000e+00
6.2456e-01 3.2388e+00 0.0000e+00
6.2456e-01 3.6805e+00 0.0000e+00
6.2456e-01 4.1305e+00 0.0000e+00
6.2456e-01 4.5889e+00 0.0000e+00
6.2456e-01 5.0559e+00 0.0000e+00
6.2456e-01 5.5316e+00 0.0000e+00
6.2456e-01 6.0158e+00 0.0000e+00
6.2456e-01 6.5085e+00 0.0000e+00
6.2456e-01 7.0098e+00 0.0000e+00
6.2456e-01 7.5000e+00 0.0000e+00
6.2456e-01 7.5000e+00 0.0000e+00
6.2456e-01 7.5000e+00 0.0000e+00
6.2456e-01 7.5000e+00 0.0000e+00
6.2456e-01 7.5000e+00 0.0000e+00
7.7854e-01 -2.8117e+00 0.0000e+00
7.7854e-01 -2.0661e+00 0.0000e+00
7.7854e-01 -1.5239e+00 0.0000e+00
7.7854e-01 -1.0615e+00 0.0000e+00
7.7854e-01 -6.3781e-01 0.0000e+00
7.7854e-01 -2.3373e-01 0.0000e+00
7.7854e-01 1.6116e-01 0.0000e+00
7.7854e-01 5.5311e-01 0.0000e+00
7.7854e-01 9.4613e-01 0.0000e+00
7.7854e-01 1.3429e+00 0.0000e+00
7.7854e-01 1.7452e+00 0.0000e+00
7.7854e-01 2.1544e+00 0.0000e+00
7.7854e-01 2.5712e+00 0.0000e+00
7.7854e-01 2.9964e+00 0.0000e+00
7.7854e-01 3.4304e+00 0.0000e+00
7.7854e-01 3.8735e+00 0.0000e+00
7.7854e-01 4.3258e+00 0.0000e+00
7.7854e-01 4.7874e+00 0.0000e+00
7.7854e-01 5.2585e+00 0.0000e+00
7.7854e-01 5.7391e+00 0.0000e+00
7.7854e-01 6.2291e+00 0.0000e+00
7.7854e-01 6.7284e+00 0.0000e+00
7.7854e-01 7.2372e+00 0.0000e+00
7.7854e-01 7.5000e+00 0.0000e+00
7.7854e-01 7.5000e+00 0.0000e+00
7.7854e-01 7.5000e+00 0.0000e+00
7.7854e-01 7.5000e+00 0.0000e+00
9.2966e-01 -2.9341e+00 0.0000e+00
9.2966e-01 -2.1931e+00 0.0000e+00
9.2966e-01 -1.6580e+00 0.0000e+00
9.2966e-01 -1.2041e+00 0.0000e+00
9.2966e-01 -7.8996e-01 0.0000e+00
9.2966e-01 -3.9605e-01 0.0000e+00
9.2966e-01 -1.1765e-02 0.0000e+00
9.2966e-01 3.6937e-01 0.0000e+00
9.2966e-01 7.5154e-01 0.0000e+00
9.2966e-01 1.1376e+00 0.0000e+00
9.2966e-01 1.5294e+00 0.0000e+00
9.2966e-01 1.9285e+00 0.0000e+00
9.2966e-01 2.3357e+00 0.0000e+00
9.2966e-01 2.7519e+00 0.0000e+00
9.2966e-01 3.1774e+00 0.0000e+00
9.2966e-01 3.6127e+00 0.0000e+00
9.2966e-01 4.0579e+00 0.0000e+00
9.2966e-01 4.5133e+00 0.0000e+00
9.2966e-01 4.9790e+00 0.0000e+00
9.2966e-01 5.4549e+00 0.0000e+00
9.2966e-01 5.9412e+00 0.0000e+00
9.2966e-01 6.4377e+00 0.0000e+00
9.2966e-01 6.9445e+00 0.0000e+00
9.2966e-01 7.5000e+00 0.0000e+00
9.2966e-01 7.5000e+00 0.0000e+00
9.2966e-01 7.5000e+00 0.0000e+00
9.2966e-01 7.5000e+00 0.0000e+00
1.0783e+00 -3.0582e+00 0.0000e+00
1.0783e+00 -2.3210e+00 0.0000e+00
1.0783e+00 -1.7924e+00 0.0000e+00
1.0783e+00 -1.3465e+00 0.0000e+00
1.0783e+00 -9.4143e-01 0.0000e+00
1.0783e+00 -5.5737e-01 0.0000e+00
1.0783e+00 -1.8350e-01 0.0000e+00
1.0783e+00 1.8686e-01 0.0000e+00
1.0783e+00 5.5809e-01 0.0000e+00
1.0783e+00 9.3316e-01 0.0000e+00
1.0783e+00 1.3142e+00 0.0000e+00
1.0783e+00 1.7027e+00 0.0000e+00
1.0783e+00 2.0997e+00 0.0000e+00
1.0783e+00 2.5061e+00 0.0000e+00
1.0783e+00 2.9225e+00 0.0000e+00
1.0783e+00 3.3492e+00 0.0000e+00
1.0783e+00 3.7865e+00 0.0000e+00
1.0783e+00 4.2347e+00 0.0000e+00
1.0783e+00 4.6940e+00 0.0000e+00
1.0783e+00 5.1643e+00 0.0000e+00
1.0783e+00 5.6458e+00 0.0000e+00
1.0783e+00 6.1384e+00 0.0000e+00
1.0783e+00 6.6422e+00 0.0000e+00
1.0783e+00 7.1571e+00 0.0000e+00
1.0783e+00 7.5000e+00 0.0000e+00
1.0783e+00 7.5000e+00 0.0000e+00
1.0783e+00 7.5000e+00 0.0000e+00
1.2248e+00 -3.1838e+00 0.0000e+00
1.2248e+00 -2.4498e+00 0.0000e+00
1.2248e+00 -1.9270e+00 0.0000e+00
1.2248e+00 -1.4885e+00 0.0000e+00
1.2248e+00 -1.0919e+00 0.0000e+00
1.2248e+00 -7.1734e-01 0.0000e+00
1.2248e+00 -3.5362e-01 0.0000e+00
1.2248e+00 6.1195e-03 0.0000e+00
1.2248e+00 3.6641e-01 0.0000e+00
1.2248e+00 7.3040e-01 0.0000e+00
1.2248e+00 1.1003e+00 0.0000e+00
1.2248e+00 1.4779e+00 0.0000e+00
1.2248e+00 1.8642e+00 0.0000e+00
1.2248e+00 2.2602e+00 0.0000e+00
1.2248e+00 2.6667e+00 0.0000e+00
1.2248e+00 3.0840e+00 0.0000e+00
1.2248e+00 3.5125e+00 0.0000e+00
1.2248e+00 3.9526e+00 0.0000e+00
1.2248e+00 4.4045e+00 0.0000e+00
1.2248e+00 4.8682e+00 0.0000e+00
1.2248e+00 5.3438e+00 0.0000e+00
1.2248e+00 5.8315e+00 0.0000e+00
1.2248e+00 6.3312e+00 0.0000e+00
1.2248e+00 6.8429e+00 0.0000e+00
1.2248e+00 7.5000e+00 0.0000e+00
1.2248e+00 7.5000e+00 0.0000e+00
1.2248e+00 7.5000e+00 0.0000e+00
1.3693e+00 -3.3109e+00 0.0000e+00
1.3693e+00 -2.5793e+00 0.0000e+00
1.3693e+00 -2.0616e+00 0.0000e+00
1.3693e+00 -1.6299e+00 0.0000e+00
1.3693e+00 -1.2413e+00 0.0000e+00
1.3693e+00 -8.7571e-01 0.0000e+00
1.3693e+00 -5.2177e-01 0.0000e+00
1.3693e+00 -1.7243e-01 0.0000e+00
1.3693e+00 1.7702e-01 0.0000e+00
1.3693e+00 5.2988e-01 0.0000e+00
1.3693e+00 8.8856e-01 0.0000e+00
1.3693e+00 1.2548e+00 0.0000e+00
1.3693e+00 1.6300e+00 0.0000e+00
1.3693e+00 2.0152e+00 0.0000e+00
1.3693e+00 2.4110e+00 0.0000e+00
1.3693e+00 2.8182e+00 0.0000e+00
1.3693e+00 3.2372e+00 0.0000e+00
1.3693e+00 3.6682e+00 0.0000e+00
1.3693e+00 4.1117e+00 0.0000e+00
1.3693e+00 4.5677e+00 0.0000e+00
1.3693e+00 5.0364e+00 0.0000e+00
1.3693e+00 5.5179e+00 0.0000e+00
1.3693e+00 6.0123e+00 0.0000e+00
1.3693e+00 6.5197e+00 0.0000e+00
1.3693e+00 7.0399e+00 0.0000e+00
1.3693e+00 7.5000e+00 0.0000e+00
1.3693e+00 7.5000e+00 0.0000e+00
1.5122e+00 -3.4392e+00 0.0000e+00
1.5122e+00 -2.7093e+00 0.0000e+00
1.5122e+00 -2.1961e+00 0.0000e+00
1.5122e+00 -1.7705e+00 0.0000e+00
1.5122e+00 -1.3894e+00 0.0000e+00
1.5122e+00 -1.0323e+00 0.0000e+00
1.5122e+00 -6.8773e-01 0.0000e+00
1.5122e+00 -3.4847e-01 0.0000e+00
1.5122e+00 -9.6678e-03 0.0000e+00
1.5122e+00 3.3214e-01 0.0000e+00
1.5122e+00 6.7950e-01 0.0000e+00
1.5122e+00 1.0343e+00 0.0000e+00
1.5122e+00 1.3980e+00 0.0000e+00
1.5122e+00 1.7718e+00 0.0000e+00
1.5122e+00 2.1565e+00 0.0000e+00
1.5122e+00 2.5529e+00 0.0000e+00
1.5122e+00 2.9614e+00 0.0000e+00
1.5122e+00 3.3826e+00 0.0000e+00
1.5122e+00 3.8167e+00 0.0000e+00
1.5122e+00 4.2640e+00 0.0000e+00
1.5122e+00 4.7247e+00 0.0000e+00
1.5122e+00 5.1989e+00 0.0000e+00
1.5122e+00 5.6868e+00 0.0000e+00
1.5122e+00 6.1885e+00 0.0000e+00
1.5122e+00 6.7040e+00 0.0000e+00
1.5122e+00 7.2334e+00 0.0000e+00
1.5122e+00 7.5000e+00 0.0000e+00
1.6536e+00 -3.5686e+00 0.0000e+00
1.6536e+00 -2.8399e+00 0.0000e+00
1.6536e+00 -2.3305e+00 0.0000e+00
1.6536e+00 -1.9104e+00 0.0000e+00
1.6536e+00 -1.5362e+00 0.0000e+00
1.6536e+00 -1.1870e+00 0.0000e+00
1.6536e+00 -8.5132e-01 0.0000e+00
1.6536e+00 -5.2176e-01 0.0000e+00
1.6536e+00 -1.9332e-01 0.0000e+00
1.6536e+00 1.3759e-01 0.0000e+00
1.6536e+00 4.7366e-01 0.0000e+00
1.6536e+00 8.1691e-01 0.0000e+00
1.6536e+00 1.1689e+00 0.0000e+00
1.6536e+00 1.5310e+00 0.0000e+00
1.6536e+00 1.9041e+00 0.0000e+00
1.6536e+00 2.2891e+00 0.0000e+00
1.6536e+00 2.6865e+00 0.0000e+00
1.6536e+00 3.0969e+00 0.0000e+00
1.6536e+00 3.5207e+00 0.0000e+00
1.6536e+00 3.9582e+00 0.0000e+00
1.6536e+00 4.4098e+00 0.0000e+00
1.6536e+00 4.8756e+00 0.0000e+00
1.6536e+00 5.3558e+00 0.0000e+00
1.6536e+00 5.8506e+00 0.0000e+00
1.6536e+00 6.3600e+00 0.0000e+00
1.6536e+00 6.8841e+00 0.0000e+00
1.6536e+00 7.5000e+00 0.0000e+00
1.7936e+00 -3.6991e+00 0.0000e+00
1.7936e+00 -2.9708e+00 0.0000e+00
1.7936e+00 -2.4647e+00 0.0000e+00
1.7936e+00 -2.0496e+00 0.0000e+00
1.7936e+00 -1.6816e+00 0.0000e+00
1.7936e+00 -1.3398e+00 0.0000e+00
1.7936e+00 -1.0125e+00 0.0000e+00
1.7936e+00 -6.9216e-01 0.0000e+00
1.7936e+00 -3.7371e-01 0.0000e+00
1.7936e+00 -5.3436e-02 0.0000e+00
1.7936e+00 2.7147e-01 0.0000e+00
1.7936e+00 6.0318e-01 0.0000e+00
1.7936e+00 9.4340e-01 0.0000e+00
1.7936e+00 1.2935e+00 0.0000e+00
1.7936e+00 1.6546e+00 0.0000e+00
1.7936e+00 2.0276e+00 0.0000e+00
1.7936e+00 2.4133e+00 0.0000e+00
1.7936e+00 2.8122e+00 0.0000e+00
1.7936e+00 3.2249e+00 0.0000e+00
1.7936e+00 3.6517e+00 0.0000e+00
1.7936e+00 4.0931e+00 0.0000e+00
1.7936e+00 4.5493e+00 0.0000e+00
1.7936e+00 5.0206e+00 0.0000e+00
1.7936e+00 5.5072e+00 0.0000e+00
1.7936e+00 6.0091e+00 0.0000e+00
1.7936e+00 6.5266e+00 0.0000e+00
1.7936e+00 7.0598e+00 0.0000e+00
1.9323e+00 -3.8305e+00 0.0000e+00
1.9323e+00 -3.1022e+00 0.0000e+00
1.9323e+00 -2.5988e+00 0.0000e+00
1.9323e+00 -2.1880e+00 0.0000e+00
1.9323e+00 -1.8256e+00 0.0000e+00
1.9323e+00 -1.4906e+00 0.0000e+00
1.9323e+00 -1.1711e+00 0.0000e+00
1.9323e+00 -8.5957e-01 0.0000e+00
1.9323e+00 -5.5070e-01 0.0000e+00
1.9323e+00 -2.4071e-01 0.0000e+00
1.9323e+00 7.3279e-02 0.0000e+00
1.9323e+00 3.9356e-01 0.0000e+00
1.9323e+00 7.2196e-01 0.0000e+00
1.9323e+00 1.0600e+00 0.0000e+00
1.9323e+00 1.4088e+00 0.0000e+00
1.9323e+00 1.7695e+00 0.0000e+00
1.9323e+00 2.1428e+00 0.0000e+00
1.9323e+00 2.5296e+00 0.0000e+00
1.9323e+00 2.9304e+00 0.0000e+00
1.9323e+00 3.3457e+00 0.0000e+00
1.9323e+00 3.7759e+00 0.0000e+00
1.9323e+00 4.2215e+00 0.0000e+00
1.9323e+00 4.6826e+00 0.0000e+00
1.9323e+00 5.1597e+00 0.0000e+00
1.9323e+00 5.6528e+00 0.0000e+00
1.9323e+00 6.1623e+00 0.0000e+00
1.9323e+00 6.6883e+00 0.0000e+00
2.0700e+00 -3.9628e+00 0.0000e+00
2.0700e+00 -3.2339e+00 0.0000e+00
2.0700e+00 -2.7327e+00 0.0000e+00
2.0700e+00 -2.3257e+00 0.0000e+00
2.0700e+00 -1.9684e+00 0.0000e+00
2.0700e+00 -1.6396e+00 0.0000e+00
2.0700e+00 -1.3274e+00 0.0000e+00
2.0700e+00 -1.0240e+00 0.0000e+00
2.0700e+00 -7.2420e-01 0.0000e+00
2.0700e+00 -4.2410e-01 0.0000e+00
2.0700e+00 -1.2069e-01 0.0000e+00
2.0700e+00 1.8839e-01 0.0000e+00
2.0700e+00 5.0507e-01 0.0000e+00
2.0700e+00 8.3095e-01 0.0000e+00
2.0700e+00 1.1674e+00 0.0000e+00
2.0700e+00 1.5154e+00 0.0000e+00
2.0700e+00 1.8761e+00 0.0000e+00
2.0700e+00 2.2502e+00 0.0000e+00
2.0700e+00 2.6384e+00 0.0000e+00
2.0700e+00 3.0413e+00 0.0000e+00
2.0700e+00 3.4595e+00 0.0000e+00
2.0700e+00 3.8933e+00 0.0000e+00
2.0700e+00 4.3433e+00 0.0000e+00
2.0700e+00 4.8096e+00 0.0000e+00
2.0700e+00 5.2927e+00 0.0000e+00
2.0700e+00 5.7927e+00 0.0000e+00
2.0700e+00 6.3099e+00 0.0000e+00
2.2067e+00 -4.0959e+00 0.0000e+00
2.2067e+00 -3.3660e+00 0.0000e+00
2.2067e+00 -2.8664e+00 0.0000e+00
2.2067e+00 -2.4628e+00 0.0000e+00
2.2067e+00 -2.1100e+00 0.0000e+00
2.2067e+00 -1.7868e+00 0.0000e+00
2.2067e+00 -1.4812e+00 0.0000e+00
2.2067e+00 -1.1855e+00 0.0000e+00
2.2067e+00 -8.9421e-01 0.0000e+00
2.2067e+00 -6.0351e-01 0.0000e+00
2.2067e+00 -3.1029e-01 0.0000e+00
2.2067e+00 -1.2094e-02 0.0000e+00
2.2067e+00 2.9309e-01 0.0000e+00
2.2067e+00 6.0695e-01 0.0000e+00
2.2067e+00 9.3091e-01 0.0000e+00
2.2067e+00 1.2662e+00 0.0000e+00
2.2067e+00 1.6139e+00 0.0000e+00
2.2067e+00 1.9749e+00 0.0000e+00
2.2067e+00 2.3500e+00 0.0000e+00
2.2067e+00 2.7398e+00 0.0000e+00
2.2067e+00 3.1451e+00 0.0000e+00
2.2067e+00 3.5664e+00 0.0000e+00
2.2067e+00 4.0040e+00 0.0000e+00
2.2067e+00 4.4585e+00 0.0000e+00
2.2067e+00 4.9302e+00 0.0000e+00
2.2067e+00 5.4194e+00 0.0000e+00
2.2067e+00 5.9265e+00 0.0000e+00
