3.0000e+00 5.0000e-01 1.0063e+01
3.0000e+00 1.0000e+00 1.1005e+01
3.0000e+00 1.5000e+00 1.1700e+01
3.0000e+00 2.0000e+00 1.2271e+01
3.0000e+00 2.5000e+00 1.2763e+01
3.0000e+00 3.0000e+00 1.3200e+01
3.0000e+00 3.5000e+00 1.3596e+01
3.0000e+00 4.0000e+00 1.3959e+01
3.0000e+00 4.5000e+00 1.4295e+01
3.0000e+00 5.0000e+00 1.4609e+01
3.0000e+00 5.5000e+00 1.4904e+01
3.0000e+00 6.0000e+00 1.5183e+01
3.0000e+00 6.5000e+00 1.5448e+01
3.0000e+00 7.0000e+00 1.5700e+01
3.0000e+00 7.5000e+00 1.5940e+01
3.0000e+00 8.0000e+00 1.6171e+01
3.0000e+00 8.5000e+00 1.6393e+01
3.0000e+00 9.0000e+00 1.6607e+01
3.0000e+00 9.5000e+00 1.6813e+01
3.0000e+00 1.0000e+01 1.7013e+01
3.0000e+00 1.0500e+01 1.7207e+01
3.0000e+00 1.1000e+01 1.7395e+01
3.0000e+00 1.1500e+01 1.7577e+01
3.0000e+00 1.2000e+01 1.7755e+01
3.0000e+00 1.2500e+01 1.7929e+01
3.0000e+00 1.3000e+01 1.8098e+01
3.0000e+00 1.3500e+01 1.8264e+01
4.0000e+00 5.0000e-01 9.6497e+00
4.0000e+00 1.0000e+00 1.0662e+01
4.0000e+00 1.5000e+00 1.1399e+01
4.0000e+00 2.0000e+00 1.1998e+01
4.0000e+00 2.5000e+00 1.2512e+01
4.0000e+00 3.0000e+00 1.2966e+01
4.0000e+00 3.5000e+00 1.3375e+01
4.0000e+00 4.0000e+00 1.3750e+01
4.0000e+00 4.5000e+00 1.4096e+01
4.0000e+00 5.0000e+00 1.4418e+01
4.0000e+00 5.5000e+00 1.4721e+01
4.0000e+00 6.0000e+00 1.5006e+01
4.0000e+00 6.5000e+00 1.5276e+01
4.0000e+00 7.0000e+00 1.5534e+01
4.0000e+00 7.5000e+00 1.5779e+01
4.0000e+00 8.0000e+00 1.6014e+01
4.0000e+00 8.5000e+00 1.6240e+01
4.0000e+00 9.0000e+00 1.6458e+01
4.0000e+00 9.5000e+00 1.6668e+01
4.0000e+00 1.0000e+01 1.6870e+01
4.0000e+00 1.0500e+01 1.7067e+01
4.0000e+00 1.1000e+01 1.7258e+01
4.0000e+00 1.1500e+01 1.7443e+01
4.0000e+00 1.2000e+01 1.7624e+01
4.0000e+00 1.2500e+01 1.7799e+01
4.0000e+00 1.3000e+01 1.7971e+01
4.0000e+00 1.3500e+01 1.8139e+01
5.0000e+00 5.0000e-01 9.2366e+00
5.0000e+00 1.0000e+00 1.0319e+01
5.0000e+00 1.5000e+00 1.1098e+01
5.0000e+00 2.0000e+00 1.1726e+01
5.0000e+00 2.5000e+00 1.2261e+01
5.0000e+00 3.0000e+00 1.2732e+01
5.0000e+00 3.5000e+00 1.3155e+01
5.0000e+00 4.0000e+00 1.3541e+01
5.0000e+00 4.5000e+00 1.3896e+01
5.0000e+00 5.0000e+00 1.4227e+01
5.0000e+00 5.5000e+00 1.4537e+01
5.0000e+00 6.0000e+00 1.4829e+01
5.0000e+00 6.5000e+00 1.5105e+01
5.0000e+00 7.0000e+00 1.5367e+01
5.0000e+00 7.5000e+00 1.5618e+01
5.0000e+00 8.0000e+00 1.5857e+01
5.0000e+00 8.5000e+00 1.6087e+01
5.0000e+00 9.0000e+00 1.6308e+01
5.0000e+00 9.5000e+00 1.6522e+01
5.0000e+00 1.0000e+01 1.6728e+01
5.0000e+00 1.0500e+01 1.6927e+01
5.0000e+00 1.1000e+01 1.7121e+01
5.0000e+00 1.1500e+01 1.7309e+01
5.0000e+00 1.2000e+01 1.7492e+01
5.0000e+00 1.2500e+01 1.7670e+01
5.0000e+00 1.3000e+01 1.7844e+01
5.0000e+00 1.3500e+01 1.8013e+01
6.0000e+00 5.0000e-01 8.8236e+00
6.0000e+00 1.0000e+00 9.9758e+00
6.0000e+00 1.5000e+00 1.0796e+01
6.0000e+00 2.0000e+00 1.1453e+01
6.0000e+00 2.5000e+00 1.2010e+01
6.0000e+00 3.0000e+00 1.2497e+01
6.0000e+00 3.5000e+00 1.2934e+01
6.0000e+00 4.0000e+00 1.3331e+01
6.0000e+00 4.5000e+00 1.3697e+01
6.0000e+00 5.0000e+00 1.4036e+01
6.0000e+00 5.5000e+00 1.4353e+01
6.0000e+00 6.0000e+00 1.4651e+01
6.0000e+00 6.5000e+00 1.4934e+01
6.0000e+00 7.0000e+00 1.5201e+01
6.0000e+00 7.5000e+00 1.5456e+01
6.0000e+00 8.0000e+00 1.5700e+01
6.0000e+00 8.5000e+00 1.5934e+01
6.0000e+00 9.0000e+00 1.6159e+01
6.0000e+00 9.5000e+00 1.6376e+01
6.0000e+00 1.0000e+01 1.6585e+01
6.0000e+00 1.0500e+01 1.6788e+01
6.0000e+00 1.1000e+01 1.6984e+01
6.0000e+00 1.1500e+01 1.7175e+01
6.0000e+00 1.2000e+01 1.7360e+01
6.0000e+00 1.2500e+01 1.7541e+01
6.0000e+00 1.3000e+01 1.7717e+01
6.0000e+00 1.3500e+01 1.7888e+01
7.0000e+00 5.0000e-01 8.4106e+00
7.0000e+00 1.0000e+00 9.6328e+00
7.0000e+00 1.5000e+00 1.0495e+01
7.0000e+00 2.0000e+00 1.1181e+01
7.0000e+00 2.5000e+00 1.1759e+01
7.0000e+00 3.0000e+00 1.2263e+01
7.0000e+00 3.5000e+00 1.2713e+01
7.0000e+00 4.0000e+00 1.3122e+01
7.0000e+00 4.5000e+00 1.3497e+01
7.0000e+00 5.0000e+00 1.3845e+01
7.0000e+00 5.5000e+00 1.4169e+01
7.0000e+00 6.0000e+00 1.4474e+01
7.0000e+00 6.5000e+00 1.4762e+01
7.0000e+00 7.0000e+00 1.5035e+01
7.0000e+00 7.5000e+00 1.5295e+01
7.0000e+00 8.0000e+00 1.5544e+01
7.0000e+00 8.5000e+00 1.5781e+01
7.0000e+00 9.0000e+00 1.6010e+01
7.0000e+00 9.5000e+00 1.6230e+01
7.0000e+00 1.0000e+01 1.6443e+01
7.0000e+00 1.0500e+01 1.6648e+01
7.0000e+00 1.1000e+01 1.6847e+01
7.0000e+00 1.1500e+01 1.7041e+01
7.0000e+00 1.2000e+01 1.7228e+01
7.0000e+00 1.2500e+01 1.7411e+01
7.0000e+00 1.3000e+01 1.7589e+01
7.0000e+00 1.3500e+01 1.7763e+01
8.0000e+00 5.0000e-01 7.9976e+00
8.0000e+00 1.0000e+00 9.2898e+00
8.0000e+00 1.5000e+00 1.0194e+01
8.0000e+00 2.0000e+00 1.0908e+01
8.0000e+00 2.5000e+00 1.1507e+01
8.0000e+00 3.0000e+00 1.2029e+01
8.0000e+00 3.5000e+00 1.2493e+01
8.0000e+00 4.0000e+00 1.2913e+01
8.0000e+00 4.5000e+00 1.3298e+01
8.0000e+00 5.0000e+00 1.3654e+01
8.0000e+00 5.5000e+00 1.3986e+01
8.0000e+00 6.0000e+00 1.4297e+01
8.0000e+00 6.5000e+00 1.4591e+01
8.0000e+00 7.0000e+00 1.4869e+01
8.0000e+00 7.5000e+00 1.5134e+01
8.0000e+00 8.0000e+00 1.5387e+01
8.0000e+00 8.5000e+00 1.5629e+01
8.0000e+00 9.0000e+00 1.5861e+01
8.0000e+00 9.5000e+00 1.6085e+01
8.0000e+00 1.0000e+01 1.6300e+01
8.0000e+00 1.0500e+01 1.6509e+01
8.0000e+00 1.1000e+01 1.6711e+01
8.0000e+00 1.1500e+01 1.6907e+01
8.0000e+00 1.2000e+01 1.7097e+01
8.0000e+00 1.2500e+01 1.7282e+01
8.0000e+00 1.3000e+01 1.7462e+01
8.0000e+00 1.3500e+01 1.7638e+01
9.0000e+00 5.0000e-01 7.5845e+00
9.0000e+00 1.0000e+00 8.9467e+00
9.0000e+00 1.5000e+00 9.8924e+00
9.0000e+00 2.0000e+00 1.0635e+01
9.0000e+00 2.5000e+00 1.1256e+01
9.0000e+00 3.0000e+00 1.1794e+01
9.0000e+00 3.5000e+00 1.2272e+01
9.0000e+00 4.0000e+00 1.2703e+01
9.0000e+00 4.5000e+00 1.3098e+01
9.0000e+00 5.0000e+00 1.3462e+01
9.0000e+00 5.5000e+00 1.3802e+01
9.0000e+00 6.0000e+00 1.4120e+01
9.0000e+00 6.5000e+00 1.4419e+01
9.0000e+00 7.0000e+00 1.4703e+01
9.0000e+00 7.5000e+00 1.4973e+01
9.0000e+00 8.0000e+00 1.5230e+01
9.0000e+00 8.5000e+00 1.5476e+01
9.0000e+00 9.0000e+00 1.5712e+01
9.0000e+00 9.5000e+00 1.5939e+01
9.0000e+00 1.0000e+01 1.6158e+01
9.0000e+00 1.0500e+01 1.6369e+01
9.0000e+00 1.1000e+01 1.6574e+01
9.0000e+00 1.1500e+01 1.6772e+01
9.0000e+00 1.2000e+01 1.6965e+01
9.0000e+00 1.2500e+01 1.7153e+01
9.0000e+00 1.3000e+01 1.7335e+01
9.0000e+00 1.3500e+01 1.7513e+01
1.0000e+01 5.0000e-01 7.1715e+00
1.0000e+01 1.0000e+00 8.6037e+00
1.0000e+01 1.5000e+00 9.5911e+00
1.0000e+01 2.0000e+00 1.0363e+01
1.0000e+01 2.5000e+00 1.1005e+01
1.0000e+01 3.0000e+00 1.1560e+01
1.0000e+01 3.5000e+00 1.2051e+01
1.0000e+01 4.0000e+00 1.2494e+01
1.0000e+01 4.5000e+00 1.2898e+01
1.0000e+01 5.0000e+00 1.3271e+01
1.0000e+01 5.5000e+00 1.3618e+01
1.0000e+01 6.0000e+00 1.3943e+01
1.0000e+01 6.5000e+00 1.4248e+01
1.0000e+01 7.0000e+00 1.4537e+01
1.0000e+01 7.5000e+00 1.4811e+01
1.0000e+01 8.0000e+00 1.5073e+01
1.0000e+01 8.5000e+00 1.5323e+01
1.0000e+01 9.0000e+00 1.5562e+01
1.0000e+01 9.5000e+00 1.5793e+01
1.0000e+01 1.0000e+01 1.6015e+01
1.0000e+01 1.0500e+01 1.6230e+01
1.0000e+01 1.1000e+01 1.6437e+01
1.0000e+01 1.1500e+01 1.6638e+01
1.0000e+01 1.2000e+01 1.6833e+01
1.0000e+01 1.2500e+01 1.7023e+01
1.0000e+01 1.3000e+01 1.7208e+01
1.0000e+01 1.3500e+01 1.7388e+01
1.1000e+01 5.0000e-01 6.7585e+00
1.1000e+01 1.0000e+00 8.2607e+00
1.1000e+01 1.5000e+00 9.2898e+00
1.1000e+01 2.0000e+00 1.0090e+01
1.1000e+01 2.5000e+00 1.0754e+01
1.1000e+01 3.0000e+00 1.1326e+01
1.1000e+01 3.5000e+00 1.1831e+01
1.1000e+01 4.0000e+00 1.2285e+01
1.1000e+01 4.5000e+00 1.2699e+01
1.1000e+01 5.0000e+00 1.3080e+01
1.1000e+01 5.5000e+00 1.3434e+01
1.1000e+01 6.0000e+00 1.3765e+01
1.1000e+01 6.5000e+00 1.4077e+01
1.1000e+01 7.0000e+00 1.4371e+01
1.1000e+01 7.5000e+00 1.4650e+01
1.1000e+01 8.0000e+00 1.4916e+01
1.1000e+01 8.5000e+00 1.5170e+01
1.1000e+01 9.0000e+00 1.5413e+01
1.1000e+01 9.5000e+00 1.5647e+01
1.1000e+01 1.0000e+01 1.5873e+01
1.1000e+01 1.0500e+01 1.6090e+01
1.1000e+01 1.1000e+01 1.6300e+01
1.1000e+01 1.1500e+01 1.6504e+01
1.1000e+01 1.2000e+01 1.6702e+01
1.1000e+01 1.2500e+01 1.6894e+01
1.1000e+01 1.3000e+01 1.7081e+01
1.1000e+01 1.3500e+01 1.7263e+01
1.2000e+01 5.0000e-01 6.3455e+00
1.2000e+01 1.0000e+00 7.9177e+00
1.2000e+01 1.5000e+00 8.9885e+00
1.2000e+01 2.0000e+00 9.8178e+00
1.2000e+01 2.5000e+00 1.0503e+01
1.2000e+01 3.0000e+00 1.1091e+01
1.2000e+01 3.5000e+00 1.1610e+01
1.2000e+01 4.0000e+00 1.2076e+01
1.2000e+01 4.5000e+00 1.2499e+01
1.2000e+01 5.0000e+00 1.2889e+01
1.2000e+01 5.5000e+00 1.3250e+01
1.2000e+01 6.0000e+00 1.3588e+01
1.2000e+01 6.5000e+00 1.3905e+01
1.2000e+01 7.0000e+00 1.4205e+01
1.2000e+01 7.5000e+00 1.4489e+01
1.2000e+01 8.0000e+00 1.4759e+01
1.2000e+01 8.5000e+00 1.5017e+01
1.2000e+01 9.0000e+00 1.5264e+01
1.2000e+01 9.5000e+00 1.5501e+01
1.2000e+01 1.0000e+01 1.5730e+01
1.2000e+01 1.0500e+01 1.5950e+01
1.2000e+01 1.1000e+01 1.6164e+01
1.2000e+01 1.1500e+01 1.6370e+01
1.2000e+01 1.2000e+01 1.6570e+01
1.2000e+01 1.2500e+01 1.6764e+01
1.2000e+01 1.3000e+01 1.6954e+01
1.2000e+01 1.3500e+01 1.7138e+01
1.3000e+01 5.0000e-01 5.9324e+00
1.3000e+01 1.0000e+00 7.5747e+00
1.3000e+01 1.5000e+00 8.6872e+00
1.3000e+01 2.0000e+00 9.5452e+00
1.3000e+01 2.5000e+00 1.0252e+01
1.3000e+01 3.0000e+00 1.0857e+01
1.3000e+01 3.5000e+00 1.1389e+01
1.3000e+01 4.0000e+00 1.1866e+01
1.3000e+01 4.5000e+00 1.2300e+01
1.3000e+01 5.0000e+00 1.2698e+01
1.3000e+01 5.5000e+00 1.3067e+01
1.3000e+01 6.0000e+00 1.3411e+01
1.3000e+01 6.5000e+00 1.3734e+01
1.3000e+01 7.0000e+00 1.4039e+01
1.3000e+01 7.5000e+00 1.4327e+01
1.3000e+01 8.0000e+00 1.4602e+01
1.3000e+01 8.5000e+00 1.4864e+01
1.3000e+01 9.0000e+00 1.5115e+01
1.3000e+01 9.5000e+00 1.5356e+01
1.3000e+01 1.0000e+01 1.5587e+01
1.3000e+01 1.0500e+01 1.5811e+01
1.3000e+01 1.1000e+01 1.6027e+01
1.3000e+01 1.1500e+01 1.6236e+01
1.3000e+01 1.2000e+01 1.6438e+01
1.3000e+01 1.2500e+01 1.6635e+01
1.3000e+01 1.3000e+01 1.6826e+01
1.3000e+01 1.3500e+01 1.7013e+01
1.4000e+01 5.0000e-01 5.5194e+00
1.4000e+01 1.0000e+00 7.2317e+00
1.4000e+01 1.5000e+00 8.3859e+00
1.4000e+01 2.0000e+00 9.2726e+00
1.4000e+01 2.5000e+00 1.0001e+01
1.4000e+01 3.0000e+00 1.0623e+01
1.4000e+01 3.5000e+00 1.1169e+01
1.4000e+01 4.0000e+00 1.1657e+01
1.4000e+01 4.5000e+00 1.2100e+01
1.4000e+01 5.0000e+00 1.2507e+01
1.4000e+01 5.5000e+00 1.2883e+01
1.4000e+01 6.0000e+00 1.3234e+01
1.4000e+01 6.5000e+00 1.3562e+01
1.4000e+01 7.0000e+00 1.3872e+01
1.4000e+01 7.5000e+00 1.4166e+01
1.4000e+01 8.0000e+00 1.4445e+01
1.4000e+01 8.5000e+00 1.4711e+01
1.4000e+01 9.0000e+00 1.4966e+01
1.4000e+01 9.5000e+00 1.5210e+01
1.4000e+01 1.0000e+01 1.5445e+01
1.4000e+01 1.0500e+01 1.5671e+01
1.4000e+01 1.1000e+01 1.5890e+01
1.4000e+01 1.1500e+01 1.6102e+01
1.4000e+01 1.2000e+01 1.6307e+01
1.4000e+01 1.2500e+01 1.6506e+01
1.4000e+01 1.3000e+01 1.6699e+01
1.4000e+01 1.3500e+01 1.6888e+01
1.5000e+01 5.0000e-01 5.1064e+00
1.5000e+01 1.0000e+00 6.8887e+00
1.5000e+01 1.5000e+00 8.0846e+00
1.5000e+01 2.0000e+00 9.0001e+00
1.5000e+01 2.5000e+00 9.7495e+00
1.5000e+01 3.0000e+00 1.0388e+01
1.5000e+01 3.5000e+00 1.0948e+01
1.5000e+01 4.0000e+00 1.1448e+01
1.5000e+01 4.5000e+00 1.1901e+01
1.5000e+01 5.0000e+00 1.2316e+01
1.5000e+01 5.5000e+00 1.2699e+01
1.5000e+01 6.0000e+00 1.3056e+01
1.5000e+01 6.5000e+00 1.3391e+01
1.5000e+01 7.0000e+00 1.3706e+01
1.5000e+01 7.5000e+00 1.4005e+01
1.5000e+01 8.0000e+00 1.4288e+01
1.5000e+01 8.5000e+00 1.4558e+01
1.5000e+01 9.0000e+00 1.4816e+01
1.5000e+01 9.5000e+00 1.5064e+01
1.5000e+01 1.0000e+01 1.5302e+01
1.5000e+01 1.0500e+01 1.5532e+01
1.5000e+01 1.1000e+01 1.5753e+01
1.5000e+01 1.1500e+01 1.5967e+01
1.5000e+01 1.2000e+01 1.6175e+01
1.5000e+01 1.2500e+01 1.6376e+01
1.5000e+01 1.3000e+01 1.6572e+01
1.5000e+01 1.3500e+01 1.6762e+01
1.6000e+01 5.0000e-01 4.6934e+00
1.6000e+01 1.0000e+00 6.5456e+00
1.6000e+01 1.5000e+00 7.7833e+00
1.6000e+01 2.0000e+00 8.7275e+00
1.6000e+01 2.5000e+00 9.4983e+00
1.6000e+01 3.0000e+00 1.0154e+01
1.6000e+01 3.5000e+00 1.0727e+01
1.6000e+01 4.0000e+00 1.1239e+01
1.6000e+01 4.5000e+00 1.1701e+01
1.6000e+01 5.0000e+00 1.2124e+01
1.6000e+01 5.5000e+00 1.2515e+01
1.6000e+01 6.0000e+00 1.2879e+01
1.6000e+01 6.5000e+00 1.3220e+01
1.6000e+01 7.0000e+00 1.3540e+01
1.6000e+01 7.5000e+00 1.3843e+01
1.6000e+01 8.0000e+00 1.4131e+01
1.6000e+01 8.5000e+00 1.4405e+01
1.6000e+01 9.0000e+00 1.4667e+01
1.6000e+01 9.5000e+00 1.4918e+01
1.6000e+01 1.0000e+01 1.5160e+01
1.6000e+01 1.0500e+01 1.5392e+01
1.6000e+01 1.1000e+01 1.5616e+01
1.6000e+01 1.1500e+01 1.5833e+01
1.6000e+01 1.2000e+01 1.6043e+01
1.6000e+01 1.2500e+01 1.6247e+01
1.6000e+01 1.3000e+01 1.6445e+01
1.6000e+01 1.3500e+01 1.6637e+01
1.7000e+01 5.0000e-01 4.2803e+00
1.7000e+01 1.0000e+00 6.2026e+00
1.7000e+01 1.5000e+00 7.4820e+00
1.7000e+01 2.0000e+00 8.4549e+00
1.7000e+01 2.5000e+00 9.2472e+00
1.7000e+01 3.0000e+00 9.9197e+00
1.7000e+01 3.5000e+00 1.0507e+01
1.7000e+01 4.0000e+00 1.1029e+01
1.7000e+01 4.5000e+00 1.1501e+01
1.7000e+01 5.0000e+00 1.1933e+01
1.7000e+01 5.5000e+00 1.2331e+01
1.7000e+01 6.0000e+00 1.2702e+01
1.7000e+01 6.5000e+00 1.3048e+01
1.7000e+01 7.0000e+00 1.3374e+01
1.7000e+01 7.5000e+00 1.3682e+01
1.7000e+01 8.0000e+00 1.3974e+01
1.7000e+01 8.5000e+00 1.4252e+01
1.7000e+01 9.0000e+00 1.4518e+01
1.7000e+01 9.5000e+00 1.4773e+01
1.7000e+01 1.0000e+01 1.5017e+01
1.7000e+01 1.0500e+01 1.5253e+01
1.7000e+01 1.1000e+01 1.5480e+01
1.7000e+01 1.1500e+01 1.5699e+01
1.7000e+01 1.2000e+01 1.5911e+01
1.7000e+01 1.2500e+01 1.6118e+01
1.7000e+01 1.3000e+01 1.6318e+01
1.7000e+01 1.3500e+01 1.6512e+01
1.8000e+01 5.0000e-01 3.8673e+00
1.8000e+01 1.0000e+00 5.8596e+00
1.8000e+01 1.5000e+00 7.1807e+00
1.8000e+01 2.0000e+00 8.1824e+00
1.8000e+01 2.5000e+00 8.9961e+00
1.8000e+01 3.0000e+00 9.6854e+00
1.8000e+01 3.5000e+00 1.0286e+01
1.8000e+01 4.0000e+00 1.0820e+01
1.8000e+01 4.5000e+00 1.1302e+01
1.8000e+01 5.0000e+00 1.1742e+01
1.8000e+01 5.5000e+00 1.2148e+01
1.8000e+01 6.0000e+00 1.2525e+01
1.8000e+01 6.5000e+00 1.2877e+01
1.8000e+01 7.0000e+00 1.3208e+01
1.8000e+01 7.5000e+00 1.3521e+01
1.8000e+01 8.0000e+00 1.3817e+01
1.8000e+01 8.5000e+00 1.4099e+01
1.8000e+01 9.0000e+00 1.4369e+01
1.8000e+01 9.5000e+00 1.4627e+01
1.8000e+01 1.0000e+01 1.4875e+01
1.8000e+01 1.0500e+01 1.5113e+01
1.8000e+01 1.1000e+01 1.5343e+01
1.8000e+01 1.1500e+01 1.5565e+01
1.8000e+01 1.2000e+01 1.5780e+01
1.8000e+01 1.2500e+01 1.5988e+01
1.8000e+01 1.3000e+01 1.6190e+01
1.8000e+01 1.3500e+01 1.6387e+01
1.9000e+01 5.0000e-01 3.4543e+00
1.9000e+01 1.0000e+00 5.5166e+00
1.9000e+01 1.5000e+00 6.8794e+00
1.9000e+01 2.0000e+00 7.9098e+00
1.9000e+01 2.5000e+00 8.7449e+00
1.9000e+01 3.0000e+00 9.4510e+00
1.9000e+01 3.5000e+00 1.0065e+01
1.9000e+01 4.0000e+00 1.0611e+01
1.9000e+01 4.5000e+00 1.1102e+01
1.9000e+01 5.0000e+00 1.1551e+01
1.9000e+01 5.5000e+00 1.1964e+01
1.9000e+01 6.0000e+00 1.2347e+01
1.9000e+01 6.5000e+00 1.2705e+01
1.9000e+01 7.0000e+00 1.3042e+01
1.9000e+01 7.5000e+00 1.3359e+01
1.9000e+01 8.0000e+00 1.3660e+01
1.9000e+01 8.5000e+00 1.3947e+01
1.9000e+01 9.0000e+00 1.4220e+01
1.9000e+01 9.5000e+00 1.4481e+01
1.9000e+01 1.0000e+01 1.4732e+01
1.9000e+01 1.0500e+01 1.4973e+01
1.9000e+01 1.1000e+01 1.5206e+01
1.9000e+01 1.1500e+01 1.5431e+01
1.9000e+01 1.2000e+01 1.5648e+01
1.9000e+01 1.2500e+01 1.5859e+01
1.9000e+01 1.3000e+01 1.6063e+01
1.9000e+01 1.3500e+01 1.6262e+01
2.0000e+01 5.0000e-01 3.0413e+00
2.0000e+01 1.0000e+00 5.1736e+00
2.0000e+01 1.5000e+00 6.5781e+00
2.0000e+01 2.0000e+00 7.6373e+00
2.0000e+01 2.5000e+00 8.4938e+00
2.0000e+01 3.0000e+00 9.2167e+00
2.0000e+01 3.5000e+00 9.8446e+00
2.0000e+01 4.0000e+00 1.0401e+01
2.0000e+01 4.5000e+00 1.0903e+01
2.0000e+01 5.0000e+00 1.1360e+01
2.0000e+01 5.5000e+00 1.1780e+01
2.0000e+01 6.0000e+00 1.2170e+01
2.0000e+01 6.5000e+00 1.2534e+01
2.0000e+01 7.0000e+00 1.2876e+01
2.0000e+01 7.5000e+00 1.3198e+01
2.0000e+01 8.0000e+00 1.3503e+01
2.0000e+01 8.5000e+00 1.3794e+01
2.0000e+01 9.0000e+00 1.4070e+01
2.0000e+01 9.5000e+00 1.4335e+01
2.0000e+01 1.0000e+01 1.4589e+01
2.0000e+01 1.0500e+01 1.4834e+01
2.0000e+01 1.1000e+01 1.5069e+01
2.0000e+01 1.1500e+01 1.5297e+01
2.0000e+01 1.2000e+01 1.5516e+01
2.0000e+01 1.2500e+01 1.5729e+01
2.0000e+01 1.3000e+01 1.5936e+01
2.0000e+01 1.3500e+01 1.6137e+01
2.1000e+01 5.0000e-01 2.6282e+00
2.1000e+01 1.0000e+00 4.8306e+00
2.1000e+01 1.5000e+00 6.2768e+00
2.1000e+01 2.0000e+00 7.3647e+00
2.1000e+01 2.5000e+00 8.2427e+00
2.1000e+01 3.0000e+00 8.9824e+00
2.1000e+01 3.5000e+00 9.6240e+00
2.1000e+01 4.0000e+00 1.0192e+01
2.1000e+01 4.5000e+00 1.0703e+01
2.1000e+01 5.0000e+00 1.1169e+01
2.1000e+01 5.5000e+00 1.1596e+01
2.1000e+01 6.0000e+00 1.1993e+01
2.1000e+01 6.5000e+00 1.2363e+01
2.1000e+01 7.0000e+00 1.2710e+01
2.1000e+01 7.5000e+00 1.3037e+01
2.1000e+01 8.0000e+00 1.3346e+01
2.1000e+01 8.5000e+00 1.3641e+01
2.1000e+01 9.0000e+00 1.3921e+01
2.1000e+01 9.5000e+00 1.4190e+01
2.1000e+01 1.0000e+01 1.4447e+01
2.1000e+01 1.0500e+01 1.4694e+01
2.1000e+01 1.1000e+01 1.4932e+01
2.1000e+01 1.1500e+01 1.5162e+01
2.1000e+01 1.2000e+01 1.5385e+01
2.1000e+01 1.2500e+01 1.5600e+01
2.1000e+01 1.3000e+01 1.5809e+01
2.1000e+01 1.3500e+01 1.6012e+01
2.2000e+01 5.0000e-01 2.2152e+00
2.2000e+01 1.0000e+00 4.4876e+00
2.2000e+01 1.5000e+00 5.9755e+00
2.2000e+01 2.0000e+00 7.0921e+00
2.2000e+01 2.5000e+00 7.9915e+00
2.2000e+01 3.0000e+00 8.7480e+00
2.2000e+01 3.5000e+00 9.4033e+00
2.2000e+01 4.0000e+00 9.9829e+00
2.2000e+01 4.5000e+00 1.0504e+01
2.2000e+01 5.0000e+00 1.0977e+01
2.2000e+01 5.5000e+00 1.1413e+01
2.2000e+01 6.0000e+00 1.1816e+01
2.2000e+01 6.5000e+00 1.2191e+01
2.2000e+01 7.0000e+00 1.2543e+01
2.2000e+01 7.5000e+00 1.2875e+01
2.2000e+01 8.0000e+00 1.3189e+01
2.2000e+01 8.5000e+00 1.3488e+01
2.2000e+01 9.0000e+00 1.3772e+01
2.2000e+01 9.5000e+00 1.4044e+01
2.2000e+01 1.0000e+01 1.4304e+01
2.2000e+01 1.0500e+01 1.4555e+01
2.2000e+01 1.1000e+01 1.4796e+01
2.2000e+01 1.1500e+01 1.5028e+01
2.2000e+01 1.2000e+01 1.5253e+01
2.2000e+01 1.2500e+01 1.5471e+01
2.2000e+01 1.3000e+01 1.5682e+01
2.2000e+01 1.3500e+01 1.5887e+01
2.3000e+01 5.0000e-01 1.8022e+00
2.3000e+01 1.0000e+00 4.1445e+00
2.3000e+01 1.5000e+00 5.6742e+00
2.3000e+01 2.0000e+00 6.8196e+00
2.3000e+01 2.5000e+00 7.7404e+00
2.3000e+01 3.0000e+00 8.5137e+00
2.3000e+01 3.5000e+00 9.1826e+00
2.3000e+01 4.0000e+00 9.7736e+00
2.3000e+01 4.5000e+00 1.0304e+01
2.3000e+01 5.0000e+00 1.0786e+01
2.3000e+01 5.5000e+00 1.1229e+01
2.3000e+01 6.0000e+00 1.1638e+01
2.3000e+01 6.5000e+00 1.2020e+01
2.3000e+01 7.0000e+00 1.2377e+01
2.3000e+01 7.5000e+00 1.2714e+01
2.3000e+01 8.0000e+00 1.3033e+01
2.3000e+01 8.5000e+00 1.3335e+01
2.3000e+01 9.0000e+00 1.3623e+01
2.3000e+01 9.5000e+00 1.3898e+01
2.3000e+01 1.0000e+01 1.4162e+01
2.3000e+01 1.0500e+01 1.4415e+01
2.3000e+01 1.1000e+01 1.4659e+01
2.3000e+01 1.1500e+01 1.4894e+01
2.3000e+01 1.2000e+01 1.5121e+01
2.3000e+01 1.2500e+01 1.5341e+01
2.3000e+01 1.3000e+01 1.5555e+01
2.3000e+01 1.3500e+01 1.5762e+01
2.4000e+01 5.0000e-01 1.3892e+00
2.4000e+01 1.0000e+00 3.8015e+00
2.4000e+01 1.5000e+00 5.3729e+00
2.4000e+01 2.0000e+00 6.5470e+00
2.4000e+01 2.5000e+00 7.4892e+00
2.4000e+01 3.0000e+00 8.2794e+00
2.4000e+01 3.5000e+00 8.9620e+00
2.4000e+01 4.0000e+00 9.5643e+00
2.4000e+01 4.5000e+00 1.0105e+01
2.4000e+01 5.0000e+00 1.0595e+01
2.4000e+01 5.5000e+00 1.1045e+01
2.4000e+01 6.0000e+00 1.1461e+01
2.4000e+01 6.5000e+00 1.1848e+01
2.4000e+01 7.0000e+00 1.2211e+01
2.4000e+01 7.5000e+00 1.2553e+01
2.4000e+01 8.0000e+00 1.2876e+01
2.4000e+01 8.5000e+00 1.3182e+01
2.4000e+01 9.0000e+00 1.3474e+01
2.4000e+01 9.5000e+00 1.3752e+01
2.4000e+01 1.0000e+01 1.4019e+01
2.4000e+01 1.0500e+01 1.4275e+01
2.4000e+01 1.1000e+01 1.4522e+01
2.4000e+01 1.1500e+01 1.4760e+01
2.4000e+01 1.2000e+01 1.4990e+01
2.4000e+01 1.2500e+01 1.5212e+01
2.4000e+01 1.3000e+01 1.5427e+01
2.4000e+01 1.3500e+01 1.5637e+01
2.5000e+01 5.0000e-01 9.7614e-01
2.5000e+01 1.0000e+00 3.4585e+00
2.5000e+01 1.5000e+00 5.0716e+00
2.5000e+01 2.0000e+00 6.2744e+00
2.5000e+01 2.5000e+00 7.2381e+00
2.5000e+01 3.0000e+00 8.0451e+00
2.5000e+01 3.5000e+00 8.7413e+00
2.5000e+01 4.0000e+00 9.3551e+00
2.5000e+01 4.5000e+00 9.9050e+00
2.5000e+01 5.0000e+00 1.0404e+01
2.5000e+01 5.5000e+00 1.0861e+01
2.5000e+01 6.0000e+00 1.1284e+01
2.5000e+01 6.5000e+00 1.1677e+01
2.5000e+01 7.0000e+00 1.2045e+01
2.5000e+01 7.5000e+00 1.2391e+01
2.5000e+01 8.0000e+00 1.2719e+01
2.5000e+01 8.5000e+00 1.3029e+01
2.5000e+01 9.0000e+00 1.3324e+01
2.5000e+01 9.5000e+00 1.3607e+01
2.5000e+01 1.0000e+01 1.3877e+01
2.5000e+01 1.0500e+01 1.4136e+01
2.5000e+01 1.1000e+01 1.4385e+01
2.5000e+01 1.1500e+01 1.4626e+01
2.5000e+01 1.2000e+01 1.4858e+01
2.5000e+01 1.2500e+01 1.5083e+01
2.5000e+01 1.3000e+01 1.5300e+01
2.5000e+01 1.3500e+01 1.5511e+01
